referrer,views_total,views_unique
github.com,51,2
Google,24,6
george-r-heath.github.io,6,4
heath-afm-lab.github.io,2,2
t.co,1,1
youtube.com,1,1
DuckDuckGo,1,1
azonano.com,1,1
